01
02
04
08
10
20
40
80
01
02
04
08
10
20
40
80
01
02
04
08
10
20
40
80
01
02
04
08
10
20
40
80
01
02
04
08
10
20
40
80
01
02
04
08
10
20
40
80
01
02
04
08
10
20
40
80
01
02
04
08
10
20
40
80
01
02
04
08
10
20
40
80
01
02
04
08
10
20
40
80
01
02
04
08
10
20
40
80
01
02
04
08
10
20
40
80
01
02
04
08
10
20
40
80
01
02
04
08
10
20
40
80
01
02
04
08
10
20
40
80
01
02
04
08
10
20
40
80
01
02
04
08
10
20
40
80
01
02
04
08
10
20
40
80
01
02
04
08
10
20
40
80
01
02
04
08
10
20
40
80
01
02
04
08
10
20
40
80
01
02
04
08
10
20
40
80
01
02
04
08
10
20
40
80
01
02
04
08
10
20
40
80
01
02
04
08
10
20
40
80
01
02
04
08
10
20
40
80
01
02
04
08
10
20
40
80
01
02
04
08
10
20
40
80
01
02
04
08
10
20
40
80
01
02
04
08
10
20
40
80
01
02
04
08
10
20
40
80
01
02
04
08
10
20
40
80